Name: sn1999em
Type: SNIIP
zhel: 0.00239
Redshift_error: 0.00001
zcmb: 0.00223
Ra:  70.3631542
Dec:  -2.8627306
Host: 	NGC 1637 
Host_type: SAB(rs)c
E(B-V)_MW: 0.040
Distance(m-M): 30.56
Distance_error(m-M): 0.69
