Name: sn2003bj
Type: SNIIP
zhel: 0.01219
Redshift_error: 0.00003
zcmb: 0.01316
Ra: 199.621250
Dec: -31.627139
Host: IC 4219
Host_type: SB(rs)b pec?
E(B-V)_MW: 0.065
Distance(m-M): 33.85
Distance_error(m-M): 0.04
