Name: sn2002ew
Type: SNIIP
zhel: 0.02994
Redshift_error: 0.00008
zcmb: 0.02893
Ra: 313.627083
Dec: -0.140556
Host: SDSS J205430.45-000820.9
Host_type: -
E(B-V)_MW: 0.102
Distance(m-M): 35.58
Distance_error(m-M): 0.06
