Name: sn2003ej
Type: SNIIP
zhel: 0.01698
Redshift_error: 0.00002
zcmb: 0.01812
Ra: 189.796250
Dec: 0.725111
Host: 	UGC 07820
Host_type: SAB(s)cd?
E(B-V)_MW: 0.019
Distance(m-M): 34.55
Distance_error(m-M): 0.02
