Name: sn1992am
Type: SNIIP
zhel: 0.04799
Redshift_error: 0.00011
zcmb: 0.04698
Ra:  21.261504
Dec:  -4.650258
Host: 	MCG -01-04-039
Host_type: S
E(B-V)_MW: 0.049
Distance(m-M): 36.66
Distance_error(m-M): 0.05
