Name: sn2002hj
Type: SNIIP
zhel: 0.02360
Redshift_error: 0.00001
zcmb: 0.02291
Ra: 44.538917
Dec: 4.684389
Host: NPM1G +04.0097
Host_type: - 
E(B-V)_MW: 0.115
Distance(m-M): 35.07
Distance_error(m-M): 0.03
