Name: sn2003ib
Type: SNIIP
zhel: 0.02482
Redshift_error: 0.00015
zcmb: 0.02402
Ra: 308.379083
Dec: -24.620833
Host: ESO 528- G 018
Host_type: (R)S(r)b?
E(B-V)_MW: 0.048
Distance(m-M): 35.17
Distance_error(m-M): 0.01 
