Name: sn1999cr
Type: SNIIP
zhel: 0.02023
Redshift_error: 0.00015
zcmb: 0.02126
Ra:  200.076250
Dec:  -20.147361
Host: ESO 576- G 034
Host_type: S/Irr
E(B-V)_MW: 0.098
Distance(m-M): 34.90
Distance_error(m-M): 0.01
