Name: sn2002hx
Type: SNIIP
zhel: 0.03100
Redshift_error: 0.00004
zcmb: 0.03193
Ra: 126.914292
Dec: -14.787694
Host: 2MASX J08273975-1446551  
Host_type: SB(r)b?
E(B-V)_MW: 0.054
Distance(m-M): 35.80
Distance_error(m-M): 0.02
