Name: sn2002fa
Type: SNIIP
zhel: 0.06000
Redshift_error: 0.00001
zcmb: 0.05899
Ra: 313.09075
Dec: 2.1449720
Host: GALEXASC J205221.54+020843.8
Host_type: -
E(B-V)_MW: 0.088
Distance(m-M): 37.18
Distance_error(m-M): 0.08 
