Name: sn2003hd
Type: SNIIP
zhel: 0.03950
Redshift_error: 0.00003
zcmb: 0.03868
Ra: 27.442958
Dec: -21.910500
Host: ESO 543- G 017 
Host_type: Sb
E(B-V)_MW: 0.013
Distance(m-M): 36.23
Distance_error(m-M): 0.01
