Name: sn1999ca
Type: SNIIP
zhel: 0.00931
Redshift_error: 0.00001
zcmb: 0.01037
Ra:  151.345500
Dec:  -34.211472
Host: 	NGC 3120
Host_type: SAB(s)bc?
E(B-V)_MW: 0.109
Distance(m-M): 33.32
Distance_error(m-M): 0.02
