Name: sn2003t
Type: SNIIP
zhel: 0.02791
Redshift_error: 0.00002
zcmb: 0.02889
Ra: 138.546083
Dec: 16.74667
Host: UGC 04864
Host_type: SA(r)ab
E(B-V)_MW: 0.031
Distance(m-M): 35.58
Distance_error(m-M): 0.01
