Name: sn2003ef
Type: SNIIP
zhel: 0.01480
Redshift_error: 0.00003
zcmb: 0.01593
Ra: 192.426042
Dec: -11.091528
Host: 	NGC 4708 
Host_type: SA(r)ab pec?
E(B-V)_MW: 0.046
Distance(m-M): 34.27
Distance_error(m-M): 0.04
