Name: sn2003cn
Type: SNIIP
zhel: 0.01811
Redshift_error: 0.00003
zcmb: 0.01919
Ra: 196.904375
Dec: -0.947194
Host: IC 0849
Host_type: SAB(rs)cd pec?
E(B-V)_MW: 0.021
Distance(m-M): 34.68
Distance_error(m-M): 0.03
