Name: sn1993a
Type: SNIIP
zhel: 0.02930
Redshift_error: 0.00015
zcmb: 0.02978
Ra:  114.82202
Dec:  -62.05402
Host: 2MASX J07391822-6203095	 
Host_type: -
E(B-V)_MW: 0.173
Distance(m-M): 35.65
Distance_error(m-M): 0.01
