Name: sn2003bl
Type: SNIIP
zhel: 0.01459
Redshift_error: 0.00002
zcmb: 0.01549
Ra: 209.377708
Dec: 6.093444
Host: NGC 5374
Host_type: SB(r)bc?
E(B-V)_MW: 0.027
Distance(m-M): 34.20
Distance_error(m-M): 0.02
