Name: sn1993k
Type: SNIIP
zhel: 0.00908
Redshift_error: 0.00002
zcmb: 0.00949
Ra: 96.15739
Dec: -22.83081
Host: NGC 2223
Host_type: SAB(r)b
E(B-V)_MW: 0.064
Distance(m-M): 33.15
Distance_error(m-M): 0.40
