Name: sn2003e
Type: SNIIP
zhel: 0.01490
Redshift_error: 0.00003
zcmb: 0.01480
Ra: 69.795333
Dec: -24.176806
Host: ESO 485- G 004
Host_type: Sc?
E(B-V)_MW: 0.048
Distance(m-M): 34.10
Distance_error(m-M): 0.04
