Name: sn2003bn
Type: SNIIP
zhel: 0.01277
Redshift_error: 0.00015
zcmb: 0.01392
Ra: 150.647958
Dec: -21.181806
Host: 2MASX J10023529-2110531
Host_type: -
E(B-V)_MW: 0.065
Distance(m-M): 33.97
Distance_error(m-M): 0.02
