Name: sn2002gd
type: SNIIP
zhel: 0.00892
Redshift_error: 0.00001
zcmb: 0.00768
Ra:  348.654083
Dec:  4.501583
Host: 	NGC 7537 
Host_type: SAbc?
E(B-V)_MW: 0.067
Distance(m-M): 32.88
Distance_error(m-M): 0.26
