Name: sn1999eg
Type: SNIIP
zhel: 0.02236
Redshift_error: 0.00001
zcmb: 0.02166
Ra:  43.284958
Dec:  25.490056
Host: 	IC 1861 
Host_type: SA0^0
E(B-V)_MW: 0.117
Distance(m-M): 34.94
Distance_error(m-M): 0.01
