Name: sn2003fb
Type: SNIIP
zhel: 0.01754
Redshift_error: 0.00012
zcmb: 0.01666
Ra: 302.959708
Dec: 5.760444
Host: 	UGC 11522
Host_type: Sbc
E(B-V)_MW: 0.183
Distance(m-M): 34.36
Distance_error(m-M): 0.01
