Name: sn2003ci
Type: SNIIP
zhel: 0.03037
Redshift_error: 0.00010
zcmb: 0.03158
Ra: 167.599292
Dec: 4.826639
Host: UGC 06212
Host_type: Sb
E(B-V)_MW: 0.060
Distance(m-M): 35.78
Distance_error(m-M): 0.06
