Name: sn1993s
Type: SNIIP
zhel: 0.03301
Redshift_error: 0.00005
zcmb: 0.03217
Ra:  343.09739
Dec:  -40.31017
Host: 2MASX J22522390-4018432	 
Host_type: S
E(B-V)_MW: 0.016
Distance(m-M): 35.82
Distance_error(m-M): 0.03
