Name: sn2003cx
Type: SNIIP
zhel: 0.03700
Redshift_error: 0.00001
zcmb: 0.03793
Ra: 209.276917
Dec: -17.039611
Host: 	NEAT J135706.53-170220.0
Host_type: -
E(B-V)_MW: 0.094
Distance(m-M): 36.18
Distance_error(m-M): 0.03
