Name: sn1992u
Type: SNIIP
zhel: 0.01086
Redshift_error: 0.00003
zcmb: 0.01068
Ra: 310.193940
Dec: -70.692593
Host: ESO 074- G 004
Host_type: SBc
E(B-V)_MW: 0.051
Distance(m-M): 33.39
Distance_error(m-M): 0.06
