Name: sn2003hk
Type: SNIIP
zhel: 0.02265
Redshift_error: 0.00002
zcmb: 0.02191
Ra: 41.607042
Dec: 3.608972
Host: NGC 1085
Host_type: SA(s)bc?
E(B-V)_MW: 0.037
Distance(m-M): 34.97
Distance_error(m-M): 0.02
