Name: sn1992ad
Type: SNIIP
Zhel: 0.00424
Redshift_error: 0.00001
zcmb: 0.00537
Ra: 186.706637
Dec: 8.877422
Host: NGC 4411B
Host_type: SAB(s)cd
E(B-V)_MW: 0.030
Distance(m-M): 31.13
Distance_error(m-M): 0.80
