Name: sn1992af
Type: SNIIP
Zhel: 0.01847
Redshift_error: 0.00015
zcmb: 0.01788
Ra:  307.667713
Dec:  -42.309791
Host: 	ESO 340- G 038
Host_type: Sc
E(B-V)_MW: 0.052
Distance(m-M): 34.52
Distance_error(m-M): 0.01
