Name: sn1992t
Type: SNIIP
zhel: 0.03898
Redshift_error: 0.00010
zcmb: 0.03988
Ra: 205.756297
Dec: -31.893196
Host: 2MASX J13425875-3153105
Host_type: SB
E(B-V)_MW: 0.048
Distance(m-M): 36.30
Distance_error(m-M): 0.05
